          50
   0.330000E+03
   0.330000E+03
   0.330000E+03
   0.330000E+03
   0.330000E+03
   0.330000E+03
   0.330000E+03
   0.330000E+03
   0.330000E+03
   0.330000E+03
   0.330000E+03
   0.330000E+03
   0.330000E+03
   0.330000E+03
   0.330000E+03
   0.330000E+03
   0.330000E+03
   0.330000E+03
   0.330000E+03
   0.330000E+03
   0.330000E+03
   0.330000E+03
   0.330000E+03
   0.330000E+03
   0.330000E+03
   0.330000E+03
   0.330000E+03
   0.330000E+03
   0.330000E+03
   0.330000E+03
   0.330000E+03
   0.330000E+03
   0.330000E+03
   0.330000E+03
   0.330000E+03
   0.330000E+03
   0.330000E+03
   0.330000E+03
   0.330000E+03
   0.330000E+03
   0.330000E+03
   0.328000E+03
   0.320000E+03
   0.310000E+03
   0.270000E+03
   0.195000E+03
   0.110000E+03
   0.600000E+02
   0.400000E+02
   0.350000E+02
