          50
   0.119400E+05
   0.870100E+04
   0.675000E+04
   0.482000E+04
   0.338000E+04
   0.221800E+04
   0.133000E+04
   0.797100E+03
   0.399600E+03
   0.130000E+03
   0.424000E+02
   0.133000E+02
   0.600000E+01
   0.445000E+01
   0.400000E+01
   0.400000E+01
   0.400000E+01
   0.405000E+01
   0.430000E+01
   0.450000E+01
   0.460000E+01
   0.470000E+01
   0.480000E+01
   0.483000E+01
   0.485000E+01
   0.490000E+01
   0.495000E+01
   0.500000E+01
   0.500000E+01
   0.500000E+01
   0.500000E+01
   0.500000E+01
   0.500000E+01
   0.500000E+01
   0.500000E+01
   0.495000E+01
   0.485000E+01
   0.450000E+01
   0.400000E+01
   0.330000E+01
   0.270000E+01
   0.200000E+01
   0.133000E+01
   0.850000E+00
   0.540000E+00
   0.400000E+00
   0.340000E+00
   0.280000E+00
   0.240000E+00
   0.200000E+00
