          50
   0.150000E+00
   0.145000E+00
   0.139900E+00
   0.134900E+00
   0.131200E+00
   0.130300E+00
   0.128800E+00
   0.124700E+00
   0.118500E+00
   0.109400E+00
   0.996200E-01
   0.896400E-01
   0.781400E-01
   0.637400E-01
   0.502500E-01
   0.394100E-01
   0.306900E-01
   0.248900E-01
   0.196600E-01
   0.154900E-01
   0.133100E-01
   0.123200E-01
   0.123200E-01
   0.130700E-01
   0.140000E-01
   0.149800E-01
   0.159800E-01
   0.171000E-01
   0.185000E-01
   0.199700E-01
   0.214700E-01
   0.233100E-01
   0.262200E-01
   0.305700E-01
   0.380300E-01
   0.624500E-01
   0.148000E+00
   0.292600E+00
   0.558600E+00
   0.107800E+01
   0.189700E+01
   0.296000E+01
   0.452600E+01
   0.686200E+01
   0.105400E+02
   0.170900E+02
   0.247300E+02
   0.335900E+02
   0.414900E+02
   0.500000E+02
