          50
   0.180200E-01
   0.207200E-01
   0.233600E-01
   0.276700E-01
   0.325300E-01
   0.380100E-01
   0.444600E-01
   0.725200E-01
   0.104000E+00
   0.210000E+00
   0.300000E+00
   0.350000E+00
   0.400000E+00
   0.650000E+00
   0.900000E+00
   0.120000E+01
   0.150000E+01
   0.190000E+01
   0.245000E+01
   0.310000E+01
   0.370000E+01
   0.400000E+01
   0.420000E+01
   0.450000E+01
   0.460000E+01
   0.470000E+01
   0.490000E+01
   0.540000E+01
   0.590000E+01
   0.620000E+01
   0.625000E+01
   0.590000E+01
   0.510000E+01
   0.410000E+01
   0.300000E+01
   0.260000E+01
   0.160000E+01
   0.950000E+00
   0.650000E+00
   0.500000E+00
   0.330000E+00
   0.130000E+00
   0.750000E+00
   0.800000E+00
   0.800000E+00
   0.400000E+00
   0.200000E+00
   0.500000E-01
   0.500000E-02
   0.500000E-03
