          50
   0.209000E+06
   0.209000E+06
   0.209000E+06
   0.209000E+06
   0.209000E+06
   0.209000E+06
   0.209000E+06
   0.209000E+06
   0.209000E+06
   0.209000E+06
   0.209000E+06
   0.209000E+06
   0.209000E+06
   0.209000E+06
   0.209000E+06
   0.209000E+06
   0.209000E+06
   0.209000E+06
   0.209000E+06
   0.209000E+06
   0.209000E+06
   0.209000E+06
   0.209000E+06
   0.209000E+06
   0.209000E+06
   0.209000E+06
   0.209000E+06
   0.209000E+06
   0.209000E+06
   0.209000E+06
   0.209000E+06
   0.209000E+06
   0.209000E+06
   0.209000E+06
   0.209000E+06
   0.209000E+06
   0.209000E+06
   0.209000E+06
   0.209000E+06
   0.209000E+06
   0.209000E+06
   0.209000E+06
   0.200000E+06
   0.190000E+06
   0.180000E+06
   0.160000E+06
   0.140000E+06
   0.120000E+06
   0.940000E+05
   0.725000E+05
