          50
   0.150000E+00
   0.145000E+00
   0.139900E+00
   0.134900E+00
   0.131200E+00
   0.130300E+00
   0.128800E+00
   0.124700E+00
   0.118500E+00
   0.109400E+00
   0.996200E-01
   0.896400E-01
   0.781400E-01
   0.637400E-01
   0.502500E-01
   0.394100E-01
   0.306900E-01
   0.248900E-01
   0.196600E-01
   0.154900E-01
   0.133100E-01
   0.123200E-01
   0.123200E-01
   0.130700E-01
   0.140000E-01
   0.152100E-01
   0.172200E-01
   0.199500E-01
   0.226600E-01
   0.248700E-01
   0.273800E-01
   0.309800E-01
   0.351000E-01
   0.398700E-01
   0.448200E-01
   0.509200E-01
   0.598500E-01
   0.696000E-01
   0.918800E-01
   0.193800E+00
   0.568800E+00
   0.154900E+01
   0.384900E+01
   0.659000E+01
   0.104400E+02
   0.170500E+02
   0.247100E+02
   0.335800E+02
   0.414800E+02
   0.500000E+02
