          50
   0.320000E+00
   0.320000E+00
   0.320000E+00
   0.320000E+00
   0.320000E+00
   0.320000E+00
   0.320000E+00
   0.320000E+00
   0.319500E+00
   0.316300E+00
   0.309600E+00
   0.298900E+00
   0.293600E+00
   0.286000E+00
   0.280000E+00
   0.272400E+00
   0.261100E+00
   0.242100E+00
   0.217400E+00
   0.184300E+00
   0.162100E+00
   0.136200E+00
   0.123000E+00
   0.112400E+00
   0.104800E+00
   0.966100E-01
   0.869300E-01
   0.752400E-01
   0.612600E-01
   0.511600E-01
   0.396800E-01
   0.299500E-01
   0.208000E-01
   0.131100E-01
   0.807100E-02
   0.416400E-02
   0.262900E-02
   0.180900E-02
   0.132100E-02
   0.100700E-02
   0.788300E-03
   0.633300E-03
   0.519400E-03
   0.433300E-03
   0.366600E-03
   0.314000E-03
   0.271700E-03
   0.237300E-03
   0.208900E-03
   0.185100E-03
