          50
   0.150000E+00
   0.145000E+00
   0.139900E+00
   0.134900E+00
   0.131200E+00
   0.130300E+00
   0.128800E+00
   0.124700E+00
   0.118500E+00
   0.109400E+00
   0.996200E-01
   0.896400E-01
   0.781400E-01
   0.637400E-01
   0.502500E-01
   0.394100E-01
   0.306900E-01
   0.248900E-01
   0.196600E-01
   0.154900E-01
   0.133100E-01
   0.123200E-01
   0.123200E-01
   0.130700E-01
   0.140000E-01
   0.151000E-01
   0.164900E-01
   0.180800E-01
   0.199700E-01
   0.218300E-01
   0.234300E-01
   0.249600E-01
   0.264700E-01
   0.280900E-01
   0.299900E-01
   0.322000E-01
   0.365000E-01
   0.458900E-01
   0.637500E-01
   0.117600E+00
   0.303300E+00
   0.789400E+00
   0.182300E+01
   0.340200E+01
   0.591600E+01
   0.104300E+02
   0.188100E+02
   0.286900E+02
   0.389200E+02
   0.500000E+02
