          50
   0.320000E+00
   0.320000E+00
   0.320000E+00
   0.320000E+00
   0.320000E+00
   0.320000E+00
   0.320000E+00
   0.320000E+00
   0.320000E+00
   0.319500E+00
   0.317900E+00
   0.314000E+00
   0.309500E+00
   0.304800E+00
   0.299900E+00
   0.294400E+00
   0.287700E+00
   0.278300E+00
   0.267100E+00
   0.252700E+00
   0.236500E+00
   0.219400E+00
   0.205100E+00
   0.196700E+00
   0.187500E+00
   0.175600E+00
   0.158800E+00
   0.141600E+00
   0.116500E+00
   0.927500E-01
   0.669300E-01
   0.451300E-01
   0.275100E-01
   0.159100E-01
   0.937800E-02
   0.475200E-02
   0.300000E-02
   0.206500E-02
   0.150700E-02
   0.114900E-02
   0.889000E-03
   0.705600E-03
   0.571600E-03
   0.470800E-03
   0.393200E-03
   0.332300E-03
   0.283700E-03
   0.244300E-03
   0.212000E-03
   0.185100E-03
