          50
   0.173995E+01
   0.173995E+01
   0.173995E+01
   0.173995E+01
   0.173688E+01
   0.172664E+01
   0.171129E+01
   0.168775E+01
   0.166728E+01
   0.165295E+01
   0.161611E+01
   0.157824E+01
   0.154344E+01
   0.151376E+01
   0.148510E+01
   0.145542E+01
   0.142266E+01
   0.138787E+01
   0.135409E+01
   0.131110E+01
   0.125276E+01
   0.118112E+01
   0.109105E+01
   0.995865E+00
   0.900680E+00
   0.807337E+00
   0.721158E+00
   0.646340E+00
   0.572341E+00
   0.512569E+00
   0.455765E+00
   0.400803E+00
   0.346864E+00
   0.294052E+00
   0.244002E+00
   0.198968E+00
   0.161099E+00
   0.153525E+00
   0.153525E+00
   0.153525E+00
   0.153525E+00
   0.153525E+00
   0.153525E+00
   0.143290E+00
   0.133055E+00
   0.122820E+00
   0.112585E+00
   0.972325E-01
   0.614100E-01
   0.307050E-01
