          50
   0.310000E+00
   0.310000E+00
   0.310000E+00
   0.310000E+00
   0.307900E+00
   0.302400E+00
   0.290600E+00
   0.282200E+00
   0.275900E+00
   0.270300E+00
   0.265100E+00
   0.260000E+00
   0.254900E+00
   0.249400E+00
   0.243300E+00
   0.235500E+00
   0.228200E+00
   0.217900E+00
   0.203500E+00
   0.181700E+00
   0.156700E+00
   0.135000E+00
   0.121800E+00
   0.110200E+00
   0.989300E-01
   0.877500E-01
   0.732700E-01
   0.594100E-01
   0.415400E-01
   0.303200E-01
   0.194900E-01
   0.127400E-01
   0.900100E-02
   0.628600E-02
   0.455800E-02
   0.279500E-02
   0.176500E-02
   0.121400E-02
   0.886600E-03
   0.675600E-03
   0.553800E-03
   0.464900E-03
   0.397900E-03
   0.345900E-03
   0.304700E-03
   0.271300E-03
   0.243900E-03
   0.221000E-03
   0.201700E-03
   0.185100E-03
