          50
   0.173995E+01
   0.173995E+01
   0.173995E+01
   0.173995E+01
   0.173688E+01
   0.172664E+01
   0.171129E+01
   0.168775E+01
   0.166728E+01
   0.165295E+01
   0.161611E+01
   0.157824E+01
   0.154139E+01
   0.150557E+01
   0.146770E+01
   0.142164E+01
   0.137354E+01
   0.132031E+01
   0.125890E+01
   0.118828E+01
   0.110947E+01
   0.103783E+01
   0.978568E+00
   0.922071E+00
   0.867826E+00
   0.814808E+00
   0.762405E+00
   0.710411E+00
   0.658520E+00
   0.602125E+00
   0.536109E+00
   0.461087E+00
   0.379514E+00
   0.307459E+00
   0.251065E+00
   0.202653E+00
   0.162736E+00
   0.153525E+00
   0.153525E+00
   0.153525E+00
   0.153525E+00
   0.153525E+00
   0.153525E+00
   0.143290E+00
   0.133055E+00
   0.122820E+00
   0.112585E+00
   0.972325E-01
   0.614100E-01
   0.307050E-01
