50
1.013E+03
8.878E+02
7.775E+02
6.798E+02
5.932E+02
5.158E+02
4.467E+02
3.853E+02
3.308E+02
2.829E+02           
2.418E+02
2.067E+02
1.766E+02
1.510E+02
1.291E+02           
1.103E+02
9.431E+01
8.058E+01
6.882E+01
5.875E+01           
5.014E+01
4.277E+01
3.647E+01
3.109E+01
2.649E+01           
2.256E+01
1.513E+01
1.020E+01
6.910E+00
4.701E+00           
3.230E+00
2.243E+00
1.570E+00
1.113E+00
7.900E-01           
5.719E-01
2.990E-01
1.550E-01
7.900E-02 
4.000E-02           
2.000E-02
9.660E-03
4.500E-03
2.022E-03
9.070E-04          
4.230E-04
2.070E-04
1.080E-04
6.000E-05
3.590E-05           
