          50
   0.187600E+05
   0.137800E+05
   0.968000E+04
   0.598400E+04
   0.381300E+04
   0.222500E+04
   0.151000E+04
   0.102000E+04
   0.646400E+03
   0.412900E+03
   0.247200E+03
   0.955600E+02
   0.294400E+02
   0.800000E+01
   0.500000E+01
   0.340000E+01
   0.330000E+01
   0.320000E+01
   0.315000E+01
   0.320000E+01
   0.330000E+01
   0.345000E+01
   0.360000E+01
   0.385000E+01
   0.400000E+01
   0.420000E+01
   0.445000E+01
   0.470000E+01
   0.485000E+01
   0.495000E+01
   0.500000E+01
   0.510000E+01
   0.530000E+01
   0.545000E+01
   0.550000E+01
   0.550000E+01
   0.535000E+01
   0.500000E+01
   0.440000E+01
   0.370000E+01
   0.295000E+01
   0.210000E+01
   0.133000E+01
   0.850000E+00
   0.540000E+00
   0.400000E+00
   0.340000E+00
   0.280000E+00
   0.240000E+00
   0.200000E+00
