          50
   0.173995E+01
   0.173995E+01
   0.173995E+01
   0.173995E+01
   0.173995E+01
   0.173995E+01
   0.173995E+01
   0.173893E+01
   0.173688E+01
   0.173279E+01
   0.172460E+01
   0.171436E+01
   0.170106E+01
   0.168366E+01
   0.166421E+01
   0.164272E+01
   0.161918E+01
   0.158950E+01
   0.155674E+01
   0.151478E+01
   0.145746E+01
   0.138684E+01
   0.130189E+01
   0.121899E+01
   0.114427E+01
   0.107979E+01
   0.101019E+01
   0.935070E+00
   0.849505E+00
   0.763531E+00
   0.677352E+00
   0.577049E+00
   0.472243E+00
   0.371633E+00
   0.283817E+00
   0.214935E+00
   0.168980E+00
   0.153525E+00
   0.153525E+00
   0.153525E+00
   0.153525E+00
   0.153525E+00
   0.153525E+00
   0.143290E+00
   0.133055E+00
   0.122820E+00
   0.112585E+00
   0.972325E-01
   0.614100E-01
   0.307050E-01
