          50
   0.140500E+04
   0.161500E+04
   0.142700E+04
   0.116600E+04
   0.789800E+03
   0.430900E+03
   0.236900E+03
   0.147000E+03
   0.338400E+02
   0.297600E+02
   0.200000E+02
   0.100000E+02
   0.600000E+01
   0.445000E+01
   0.450000E+01
   0.455000E+01
   0.460000E+01
   0.465000E+01
   0.470000E+01
   0.475000E+01
   0.480000E+01
   0.485000E+01
   0.490000E+01
   0.495000E+01
   0.500000E+01
   0.500000E+01
   0.500000E+01
   0.500000E+01
   0.500000E+01
   0.500000E+01
   0.500000E+01
   0.500000E+01
   0.500000E+01
   0.500000E+01
   0.500000E+01
   0.495000E+01
   0.485000E+01
   0.450000E+01
   0.400000E+01
   0.330000E+01
   0.270000E+01
   0.200000E+01
   0.133000E+01
   0.850000E+00
   0.540000E+00
   0.400000E+00
   0.340000E+00
   0.280000E+00
   0.240000E+00
   0.200000E+00
