          50
   0.431600E+04
   0.345400E+04
   0.278800E+04
   0.208800E+04
   0.128000E+04
   0.824100E+03
   0.510300E+03
   0.232100E+03
   0.107700E+03
   0.556600E+02
   0.296000E+02
   0.100000E+02
   0.600000E+01
   0.500000E+01
   0.480000E+01
   0.470000E+01
   0.460000E+01
   0.450000E+01
   0.450000E+01
   0.450000E+01
   0.450000E+01
   0.450000E+01
   0.453000E+01
   0.455000E+01
   0.460000E+01
   0.465000E+01
   0.470000E+01
   0.475000E+01
   0.480000E+01
   0.485000E+01
   0.490000E+01
   0.495000E+01
   0.500000E+01
   0.500000E+01
   0.500000E+01
   0.495000E+01
   0.485000E+01
   0.450000E+01
   0.400000E+01
   0.330000E+01
   0.270000E+01
   0.200000E+01
   0.133000E+01
   0.850000E+00
   0.540000E+00
   0.400000E+00
   0.340000E+00
   0.280000E+00
   0.240000E+00
   0.200000E+00
