          50
   0.259300E+05
   0.194900E+05
   0.153400E+05
   0.860000E+04
   0.444100E+04
   0.334600E+04
   0.210100E+04
   0.128900E+04
   0.763700E+03
   0.409800E+03
   0.191200E+03
   0.730600E+02
   0.290500E+02
   0.990000E+01
   0.622000E+01
   0.400000E+01
   0.300000E+01
   0.290000E+01
   0.275000E+01
   0.260000E+01
   0.260000E+01
   0.265000E+01
   0.280000E+01
   0.290000E+01
   0.320000E+01
   0.325000E+01
   0.360000E+01
   0.400000E+01
   0.430000E+01
   0.460000E+01
   0.490000E+01
   0.520000E+01
   0.550000E+01
   0.570000E+01
   0.590000E+01
   0.600000E+01
   0.600000E+01
   0.600000E+01
   0.540000E+01
   0.450000E+01
   0.330000E+01
   0.210000E+01
   0.130000E+01
   0.850000E+00
   0.540000E+00
   0.400000E+00
   0.340000E+00
   0.280000E+00
   0.240000E+00
   0.200000E+00
