          50
   0.320000E+00
   0.320000E+00
   0.320000E+00
   0.320000E+00
   0.320000E+00
   0.320000E+00
   0.320000E+00
   0.320000E+00
   0.319500E+00
   0.316300E+00
   0.309600E+00
   0.298900E+00
   0.293600E+00
   0.286000E+00
   0.280000E+00
   0.272400E+00
   0.261100E+00
   0.242100E+00
   0.217400E+00
   0.184300E+00
   0.162100E+00
   0.136200E+00
   0.123000E+00
   0.112200E+00
   0.104300E+00
   0.957000E-01
   0.859800E-01
   0.731400E-01
   0.571000E-01
   0.467000E-01
   0.343900E-01
   0.247100E-01
   0.163100E-01
   0.106600E-01
   0.706400E-02
   0.397200E-02
   0.250800E-02
   0.172600E-02
   0.126000E-02
   0.960200E-03
   0.755400E-03
   0.609700E-03
   0.502400E-03
   0.421000E-03
   0.357900E-03
   0.308000E-03
   0.267800E-03
   0.235000E-03
   0.207900E-03
   0.185100E-03
