          50
   0.301700E-01
   0.333700E-01
   0.369400E-01
   0.422200E-01
   0.482100E-01
   0.551200E-01
   0.640800E-01
   0.776400E-01
   0.912600E-01
   0.111100E+00
   0.130400E+00
   0.179300E+00
   0.223000E+00
   0.300000E+00
   0.440000E+00
   0.500000E+00
   0.600000E+00
   0.700000E+00
   0.100000E+01
   0.150000E+01
   0.200000E+01
   0.240000E+01
   0.290000E+01
   0.340000E+01
   0.400000E+01
   0.480000E+01
   0.600000E+01
   0.700000E+01
   0.810000E+01
   0.890000E+01
   0.870000E+01
   0.755000E+01
   0.590000E+01
   0.450000E+01
   0.350000E+01
   0.280000E+01
   0.180000E+01
   0.130000E+01
   0.800000E+00
   0.400000E+00
   0.190000E+00
   0.200000E+00
   0.570000E+00
   0.750000E+00
   0.700000E+00
   0.400000E+00
   0.200000E+00
   0.500000E-01
   0.500000E-02
   0.500000E-03
