          50
   0.150000E+00
   0.145000E+00
   0.139900E+00
   0.134900E+00
   0.131200E+00
   0.130300E+00
   0.128800E+00
   0.124700E+00
   0.118500E+00
   0.109400E+00
   0.996200E-01
   0.896400E-01
   0.781400E-01
   0.637400E-01
   0.502500E-01
   0.394100E-01
   0.306900E-01
   0.248900E-01
   0.196600E-01
   0.154900E-01
   0.133100E-01
   0.123200E-01
   0.123200E-01
   0.130700E-01
   0.140000E-01
   0.152100E-01
   0.172200E-01
   0.203700E-01
   0.248600E-01
   0.316800E-01
   0.442900E-01
   0.647200E-01
   0.104100E+00
   0.150700E+00
   0.216300E+00
   0.314100E+00
   0.484200E+00
   0.714700E+00
   0.106700E+01
   0.151600E+01
   0.216600E+01
   0.306000E+01
   0.456400E+01
   0.687700E+01
   0.105500E+02
   0.171000E+02
   0.247300E+02
   0.335900E+02
   0.414900E+02
   0.500000E+02
