          50
   0.241200E-01
   0.294000E-01
   0.337900E-01
   0.388700E-01
   0.447800E-01
   0.532800E-01
   0.656400E-01
   0.773800E-01
   0.911400E-01
   0.142000E+00
   0.189000E+00
   0.305000E+00
   0.410000E+00
   0.500000E+00
   0.600000E+00
   0.700000E+00
   0.850000E+00
   0.100000E+01
   0.130000E+01
   0.170000E+01
   0.210000E+01
   0.270000E+01
   0.330000E+01
   0.370000E+01
   0.420000E+01
   0.450000E+01
   0.530000E+01
   0.570000E+01
   0.690000E+01
   0.770000E+01
   0.780000E+01
   0.700000E+01
   0.540000E+01
   0.420000E+01
   0.320000E+01
   0.250000E+01
   0.170000E+01
   0.120000E+01
   0.800000E+00
   0.400000E+00
   0.200000E+00
   0.180000E+00
   0.650000E+00
   0.900000E+00
   0.800000E+00
   0.400000E+00
   0.200000E+00
   0.500000E-01
   0.500000E-02
   0.500000E-03
