          50
   0.774500E+04
   0.607100E+04
   0.463100E+04
   0.318200E+04
   0.215800E+04
   0.139700E+04
   0.925400E+03
   0.572000E+03
   0.366700E+03
   0.158300E+03
   0.699600E+02
   0.361300E+02
   0.190600E+02
   0.108500E+02
   0.592700E+01
   0.500000E+01
   0.395000E+01
   0.385000E+01
   0.382500E+01
   0.385000E+01
   0.390000E+01
   0.397500E+01
   0.406500E+01
   0.420000E+01
   0.430000E+01
   0.442500E+01
   0.457500E+01
   0.472500E+01
   0.482500E+01
   0.490000E+01
   0.495000E+01
   0.502500E+01
   0.515000E+01
   0.522500E+01
   0.525000E+01
   0.522500E+01
   0.510000E+01
   0.475000E+01
   0.420000E+01
   0.350000E+01
   0.282500E+01
   0.205000E+01
   0.133000E+01
   0.850000E+00
   0.540000E+00
   0.400000E+00
   0.340000E+00
   0.280000E+00
   0.240000E+00
   0.200000E+00
