          50
   0.173995E+01
   0.173995E+01
   0.173995E+01
   0.173995E+01
   0.173688E+01
   0.172664E+01
   0.171129E+01
   0.168775E+01
   0.166728E+01
   0.165295E+01
   0.161611E+01
   0.157824E+01
   0.154139E+01
   0.150557E+01
   0.146770E+01
   0.142164E+01
   0.137354E+01
   0.132031E+01
   0.125890E+01
   0.118419E+01
   0.109719E+01
   0.101357E+01
   0.938549E+00
   0.877549E+00
   0.820131E+00
   0.765271E+00
   0.711947E+00
   0.659339E+00
   0.602637E+00
   0.536314E+00
   0.461189E+00
   0.379514E+00
   0.306231E+00
   0.250246E+00
   0.204700E+00
   0.169901E+00
   0.153525E+00
   0.153525E+00
   0.153525E+00
   0.153525E+00
   0.153525E+00
   0.153525E+00
   0.153525E+00
   0.143290E+00
   0.133055E+00
   0.122820E+00
   0.112585E+00
   0.972325E-01
   0.614100E-01
   0.307050E-01
