          50
   0.320000E+00
   0.320000E+00
   0.320000E+00
   0.320000E+00
   0.320000E+00
   0.320000E+00
   0.320000E+00
   0.320000E+00
   0.319500E+00
   0.316300E+00
   0.309600E+00
   0.298900E+00
   0.293600E+00
   0.286000E+00
   0.280000E+00
   0.272400E+00
   0.261100E+00
   0.242100E+00
   0.217400E+00
   0.184300E+00
   0.160700E+00
   0.132300E+00
   0.114600E+00
   0.103500E+00
   0.962200E-01
   0.895800E-01
   0.800600E-01
   0.669800E-01
   0.495800E-01
   0.369500E-01
   0.251900E-01
   0.173600E-01
   0.115800E-01
   0.766500E-02
   0.532100E-02
   0.321500E-02
   0.203000E-02
   0.139700E-02
   0.102000E-02
   0.777200E-03
   0.625700E-03
   0.516600E-03
   0.435200E-03
   0.372700E-03
   0.323700E-03
   0.284400E-03
   0.252400E-03
   0.226000E-03
   0.203900E-03
   0.185100E-03
