          50
   0.150000E+00
   0.145000E+00
   0.139900E+00
   0.134900E+00
   0.131200E+00
   0.130300E+00
   0.128800E+00
   0.124700E+00
   0.118500E+00
   0.109400E+00
   0.996200E-01
   0.896400E-01
   0.781400E-01
   0.637400E-01
   0.502500E-01
   0.394100E-01
   0.306900E-01
   0.248900E-01
   0.196600E-01
   0.154900E-01
   0.133100E-01
   0.123200E-01
   0.123200E-01
   0.130700E-01
   0.140000E-01
   0.149800E-01
   0.159800E-01
   0.171000E-01
   0.185000E-01
   0.200900E-01
   0.222000E-01
   0.249700E-01
   0.282400E-01
   0.324100E-01
   0.371700E-01
   0.459700E-01
   0.663900E-01
   0.107300E+00
   0.186200E+00
   0.305900E+00
   0.637500E+00
   0.149700E+01
   0.323900E+01
   0.584300E+01
   0.101300E+02
   0.169200E+02
   0.246700E+02
   0.335600E+02
   0.414800E+02
   0.500000E+02
