          50
   0.266000E-01
   0.293100E-01
   0.323700E-01
   0.331800E-01
   0.338700E-01
   0.376800E-01
   0.411200E-01
   0.500900E-01
   0.596600E-01
   0.916800E-01
   0.131300E+00
   0.214900E+00
   0.309500E+00
   0.384600E+00
   0.503000E+00
   0.650500E+00
   0.870100E+00
   0.118700E+01
   0.158700E+01
   0.203000E+01
   0.257900E+01
   0.302800E+01
   0.364700E+01
   0.416800E+01
   0.462700E+01
   0.511800E+01
   0.580300E+01
   0.655300E+01
   0.737300E+01
   0.783700E+01
   0.780000E+01
   0.730000E+01
   0.620000E+01
   0.525000E+01
   0.410000E+01
   0.310000E+01
   0.180000E+01
   0.110000E+01
   0.700000E+00
   0.300000E+00
   0.250000E+00
   0.300000E+00
   0.500000E+00
   0.700000E+00
   0.700000E+00
   0.400000E+00
   0.200000E+00
   0.500000E-01
   0.500000E-02
   0.500000E-03
