          50
   0.150000E+00
   0.145000E+00
   0.139900E+00
   0.134900E+00
   0.131200E+00
   0.130300E+00
   0.128800E+00
   0.124700E+00
   0.118500E+00
   0.109400E+00
   0.996200E-01
   0.896400E-01
   0.781400E-01
   0.637400E-01
   0.502500E-01
   0.394100E-01
   0.306900E-01
   0.248900E-01
   0.196600E-01
   0.154900E-01
   0.133100E-01
   0.123200E-01
   0.123200E-01
   0.130700E-01
   0.140000E-01
   0.152100E-01
   0.172200E-01
   0.199500E-01
   0.226600E-01
   0.248700E-01
   0.271600E-01
   0.296200E-01
   0.313800E-01
   0.330700E-01
   0.348700E-01
   0.364500E-01
   0.392300E-01
   0.467300E-01
   0.640400E-01
   0.117700E+00
   0.293500E+00
   0.681500E+00
   0.146500E+01
   0.284900E+01
   0.516600E+01
   0.100800E+02
   0.186500E+02
   0.286300E+02
   0.389000E+02
   0.500000E+02
