          50
   0.277800E-01
   0.280000E-01
   0.284900E-01
   0.320000E-01
   0.356700E-01
   0.472000E-01
   0.583700E-01
   0.789100E-01
   0.103900E+00
   0.156700E+00
   0.237000E+00
   0.362400E+00
   0.523200E+00
   0.703600E+00
   0.800000E+00
   0.900000E+00
   0.110000E+01
   0.140000E+01
   0.180000E+01
   0.230000E+01
   0.290000E+01
   0.350000E+01
   0.390000E+01
   0.430000E+01
   0.470000E+01
   0.510000E+01
   0.560000E+01
   0.610000E+01
   0.680000E+01
   0.710000E+01
   0.720000E+01
   0.690000E+01
   0.590000E+01
   0.460000E+01
   0.370000E+01
   0.275000E+01
   0.170000E+01
   0.100000E+01
   0.550000E+00
   0.320000E+00
   0.250000E+00
   0.230000E+00
   0.550000E+00
   0.800000E+00
   0.800000E+00
   0.400000E+00
   0.200000E+00
   0.500000E-01
   0.500000E-02
   0.500000E-03
