          50
   0.286900E-01
   0.315000E-01
   0.334200E-01
   0.350400E-01
   0.356100E-01
   0.376700E-01
   0.398900E-01
   0.422300E-01
   0.447100E-01
   0.500000E-01
   0.559500E-01
   0.661300E-01
   0.781500E-01
   0.928900E-01
   0.105000E+00
   0.125600E+00
   0.144400E+00
   0.250000E+00
   0.500000E+00
   0.950000E+00
   0.140000E+01
   0.180000E+01
   0.240000E+01
   0.340000E+01
   0.430000E+01
   0.540000E+01
   0.780000E+01
   0.930000E+01
   0.985000E+01
   0.970000E+01
   0.880000E+01
   0.750000E+01
   0.590000E+01
   0.450000E+01
   0.345000E+01
   0.280000E+01
   0.180000E+01
   0.110000E+01
   0.650000E+00
   0.300000E+00
   0.180000E+00
   0.330000E+00
   0.500000E+00
   0.520000E+00
   0.500000E+00
   0.400000E+00
   0.200000E+00
   0.500000E-01
   0.500000E-02
   0.500000E-03
