50
1.013E+03
9.040E+02
8.050E+02
7.150E+02
6.330E+02
5.590E+02
4.920E+02
4.320E+02
3.780E+02
3.290E+02           
2.860E+02
2.470E+02
2.130E+02
1.820E+02
1.560E+02          
1.320E+02
1.110E+02
9.370E+01
7.890E+01
6.660E+01           
5.650E+01
4.800E+01
4.090E+01
3.500E+01
3.000E+01           
2.570E+01
1.763E+01
1.220E+01
8.520E+00
6.000E+00           
4.260E+00
3.050E+00
2.200E+00
1.590E+00
1.160E+00           
8.540E-01
4.560E-01
2.390E-01
1.210E-01
5.800E-02           
2.600E-02
1.100E-02
4.400E-03
1.720E-03
6.880E-04           
2.890E-04
1.300E-04
6.470E-05
3.600E-05
2.250E-05           
