50
1.013E+03
8.988E+02
7.950E+02
7.012E+02
6.166E+02           
5.405E+02
4.722E+02
4.111E+02
3.565E+02
3.080E+02           
2.650E+02
2.270E+02
1.940E+02
1.658E+02 
1.417E+02           
1.211E+02
1.035E+02
8.850E+01
7.565E+01 
6.467E+01           
5.529E+01
4.729E+01
4.047E+01
3.467E+01
2.972E+01           
2.549E+01
1.743E+01
1.197E+01
8.010E+00
5.746E+00           
4.150E+00
2.871E+00
2.060E+00
1.491E+00
1.090E+00           
7.978E-01
4.250E-01
2.190E-01
1.090E-01
5.220E-02           
2.400E-02
1.050E-02
4.460E-03
1.840E-03
7.600E-04           
3.200E-04
1.450E-04
7.100E-05
4.010E-05
2.540E-05           
