50
1.018E+03
8.973E+02
7.897E+02
6.938E+02
6.081E+02
5.313E+02
4.627E+02
4.016E+02
3.473E+02
2.993E+02           
2.568E+02
2.199E+02
1.882E+02
1.611E+02
1.378E+02           
1.178E+02
1.007E+02
8.610E+01
7.360E+01
6.280E+01           
5.370E+01
4.580E+01
3.910E+01
3.340E+01
2.860E+01           
2.440E+01
1.646E+01
1.110E+01
7.560E+00
5.180E+00           
3.600E+00
2.530E+00
1.800E+00
1.290E+00
9.400E-01           
6.830E-01
3.620E-01
1.880E-01
9.500E-02
4.700E-02           
2.220E-02
1.030E-02 
4.560E-03
1.980E-03
8.770E-04           
4.074E-04
2.000E-04
1.057E-04
5.980E-05
3.600E-05           
