50
1.013E+03
9.020E+02
8.020E+02
7.100E+02
6.280E+02
5.540E+02
4.870E+02
4.260E+02
3.720E+02
3.240E+02           
2.810E+02
2.430E+02
2.090E+02
1.790E+02
1.530E+02           
1.300E+02
1.110E+02
9.500E+01
8.120E+01
6.950E+01           
5.950E+01
5.100E+01
4.370E+01
3.760E+01
3.220E+01           
2.770E+01
1.907E+01
1.320E+01
9.300E+00
6.520E+00           
4.640E+00
3.330E+00
2.410E+00 
1.760E+00
1.290E+00           
9.510E-01
5.150E-01
2.720E-01
1.390E-01
6.700E-02           
3.000E-02
1.200E-02
4.480E-03
1.640E-03
6.250E-04           
2.580E-04
1.170E-04
6.110E-05 
3.560E-05 
2.270E-05           
