50
1.010E+03
8.960E+02
7.929E+02
7.000E+02
6.160E+02
5.410E+02
4.740E+02 
4.130E+02
3.590E+02
3.108E+02           
2.677E+02
2.300E+02
1.977E+02
1.700E+02
1.460E+02          
1.260E+02
1.080E+02
9.280E+01
7.980E+01
6.860E+01           
5.900E+01
5.070E+01
4.360E+01
3.750E+01
3.228E+01           
2.780E+01
1.923E+01
1.340E+01
9.400E+00
6.610E+00           
4.720E+00
3.400E+00
2.480E+00
1.820E+00
1.340E+00           
9.870E-01
5.370E-01
2.880E-01
1.470E-01
7.100E-02           
3.200E-02
1.250E-02 
4.510E-03
1.610E-03
6.060E-04           
2.480E-04
1.130E-04
6.000E-05
3.540E-05
2.260E-05           
